215.00 210.83 206.22
58.00 135.06 112.45
211.00 170.94 177.90
205.00 186.81 198.71
189.00 187.83 196.76
99.00 146.65 140.39
189.00 166.28 174.48
183.00 174.02 183.79
206.00 188.84 201.57
99.00 147.21 142.23
39.00 97.08 82.48
99.00 97.97 96.74
99.00 98.45 102.18
46.00 74.15 71.51
39.00 57.86 55.47
199.00 123.25 148.22
208.00 162.52 189.22
206.00 182.67 203.64
212.00 196.26 212.85
206.00 200.77 212.67
208.00 204.12 213.83
206.00 204.99 213.04
206.00 205.46 212.74
206.00 205.71 212.62
201.00 203.53 209.49
201.00 202.36 208.29
201.00 201.73 207.83
201.00 201.39 207.66
201.00 201.21 207.59
201.00 201.11 207.57
99.00 153.80 144.52
196.00 173.35 180.38
99.00 138.90 134.13
217.00 175.09 189.40
207.00 189.87 204.33
213.00 200.59 213.74
207.00 203.56 213.62
207.00 205.15 213.58
204.00 204.62 211.71
204.00 204.33 210.99
203.00 203.71 210.10
204.00 203.85 210.38
204.00 203.92 210.49
204.00 203.96 210.53
204.00 203.98 210.54
204.00 203.99 210.55
204.00 203.99 210.55
204.00 204.00 210.55
172.00 189.17 190.77
57.00 127.93 112.15
60.00 96.46 83.97
189.00 139.34 152.93
200.00 167.44 186.07
192.00 178.82 193.78
189.00 183.54 194.88
189.00 186.07 195.29
192.00 188.82 197.31
192.00 190.29 198.08
192.00 191.08 198.37
192.00 191.51 198.48
192.00 191.74 198.52
192.00 191.86 198.54
192.00 191.92 198.55
206.00 198.45 207.20
206.00 201.95 210.51
206.00 203.82 211.77
206.00 204.83 212.25
206.00 205.37 212.44
206.00 205.66 212.51
206.00 205.82 212.53
206.00 205.90 212.54
206.00 205.95 212.55
206.00 205.97 212.55
206.00 205.99 212.55
206.00 205.99 212.55
207.00 206.46 213.17
208.00 207.17 214.02
208.00 207.56 214.35
208.00 207.76 214.47
208.00 207.87 214.52
207.00 207.47 213.92
207.00 207.25 213.69
207.00 207.13 213.61
207.00 207.07 213.57
207.00 207.04 213.56
207.00 207.02 213.55
207.00 207.01 213.55
207.00 207.01 213.55
207.00 207.00 213.55
211.00 208.86 216.02
211.00 209.85 216.97
211.00 210.38 217.33
211.00 210.67 217.47
211.00 210.82 217.52
211.00 210.90 217.54
211.00 210.95 217.55
211.00 210.97 217.55
211.00 210.99 217.55
230.00 219.80 229.29
242.00 230.08 241.20
242.00 235.60 245.74
242.00 238.57 247.48
242.00 240.16 248.14
242.00 241.01 248.39
242.00 241.47 248.49
242.00 241.72 248.53
284.00 261.31 274.50
284.00 271.82 284.42
295.00 282.56 295.01
259.00 271.64 276.80
298.00 283.86 293.95
276.00 280.22 286.91
303.00 290.77 300.90
276.00 283.93 289.56
298.00 290.45 298.83
276.00 283.75 288.77
303.00 292.67 301.61
275.00 284.48 289.21
321.00 301.40 312.91
291.00 296.58 303.42
323.00 308.82 319.57
291.00 300.56 305.96
321.00 310.03 319.30
323.00 316.04 325.64
328.00 321.58 331.15
345.00 332.43 343.76
339.00 335.48 344.87
356.00 344.98 355.80
335.00 340.36 346.99
339.00 339.73 346.10
335.00 337.54 343.29
335.00 336.36 342.22
335.00 335.73 341.80
334.00 334.93 341.03
335.00 334.96 341.35
339.00 336.83 343.95
339.00 337.84 344.94
339.00 338.38 345.32
339.00 338.67 345.46
339.00 338.82 345.52
339.00 338.90 345.54
339.00 338.95 345.55
339.00 338.97 345.55
339.00 338.99 345.55
339.00 338.99 345.55
339.00 339.00 345.55
339.00 339.00 345.55
339.00 339.00 345.55
339.00 339.00 345.55
8.00 185.64 140.98
8.00 103.33 62.84
30.00 69.36 46.59
355.00 201.70 241.25
3.00 109.64 98.05
8.00 62.55 46.45
3.00 34.96 23.64
8.00 22.47 18.02
3.00 13.45 12.79
