174.00 174.00 174.38
174.00 174.00 173.96
174.00 174.00 173.80
174.00 174.00 173.73
174.00 174.00 173.71
174.00 174.00 173.70
174.00 174.00 173.69
174.00 174.00 173.69
180.00 176.78 177.40
181.00 178.74 179.43
181.00 179.78 180.21
181.00 180.35 180.51
181.00 180.65 180.62
185.00 182.67 183.14
185.00 183.75 184.10
185.00 184.33 184.46
185.00 184.64 184.60
185.00 184.81 184.66
187.00 185.82 185.91
187.00 186.37 186.39
187.00 186.66 186.58
187.00 186.82 186.65
187.00 186.90 186.67
187.00 186.95 186.68
187.00 186.97 186.69
187.00 186.98 186.69
187.00 186.99 186.69
193.00 189.78 190.40
193.00 191.27 191.82
193.00 192.07 192.36
193.00 192.50 192.56
193.00 192.73 192.64
193.00 192.86 192.67
253.00 220.72 229.77
237.00 228.26 234.05
186.00 208.68 204.16
169.00 190.30 182.24
181.00 185.99 181.28
181.00 183.68 180.92
185.00 184.29 183.25
174.00 179.52 177.34
181.00 180.21 179.41
177.00 178.72 177.73
175.00 177.00 175.85
174.00 175.61 174.52
174.00 174.86 174.01
174.00 174.46 173.81
174.00 174.25 173.74
174.00 174.13 173.71
174.00 174.07 173.70
174.00 174.04 173.69
174.00 174.02 173.69
174.00 174.01 173.69
174.00 174.01 173.69
174.00 174.00 173.69
174.00 174.00 173.69
174.00 174.00 173.69
174.00 174.00 173.69
148.00 161.95 157.62
138.00 150.86 145.30
88.00 121.73 109.70
88.00 106.10 96.10
88.00 97.72 90.90
88.00 93.21 88.92
88.00 90.80 88.16
88.00 89.50 87.87
88.00 88.81 87.76
50.00 70.83 64.23
50.00 61.18 55.25
50.00 56.00 51.81
47.00 51.83 48.65
47.00 49.59 47.44
47.00 48.39 46.98
47.00 47.75 46.80
47.00 47.40 46.73
47.00 47.21 46.71
32.00 40.17 37.43
31.00 35.92 33.26
28.00 32.25 29.82
27.00 29.82 27.89
27.00 28.51 27.15
27.00 27.81 26.87
27.00 27.44 26.76
27.00 27.23 26.72
22.00 24.81 23.61
22.00 23.51 22.42
22.00 22.81 21.97
22.00 22.43 21.80
22.00 22.23 21.73
22.00 22.13 21.71